terrorSet {
    name: Questers Anxiety Raiment

    fear {
        x: 601
        y: 143
        px: 0.43997071742313326
        py: 0.18619791666666666

        w: 174.0
        h: 29.0
        pw: 0.1273792093704246
        ph: 0.037760416666666664
    }

    back {
        x: 634
        y: 202
        px: 0.46412884333821375
        py: 0.2630208333333333

        w: 99.0
        h: 20.0
        pw: 0.07247437774524158
        ph: 0.026041666666666668
    }
}