victory {

    rewards {
        x: 602
        y: 320
        px: 0.4407027818448023
        py: 0.4166666666666667

        w: 169.0
        h: 182.0
        pw: 0.12371888726207907
        ph: 0.23697916666666666
    }

    confirm {
        x: 641
        y: 532
        px: 0.46925329428989754
        py: 0.6927083333333334

        w: 85.0
        h: 27.0
        pw: 0.06222547584187409
        ph: 0.03515625
    }
}

zTokens {

}